ENCINOS

0200100012183
0200100010200
100011503
0200100012075
020010001140A
0200100011537
com Flames
0200100011005
0200100011560
0200100010098
0200100010083
0200100011221
0200100011255
0200100011024
0200100019871
0200100012183
0200100012075
0200100011537
0200100011005
0200100010083
0200100011255
0200100011221
020010001101A
(0200100019871
0200100011024


CENTRO 
0200100010558
0200100010562
0200100010577
00200100010581
0200100010651
0200100010666
010647
0200100010717
0200100017767
0200100017748
0200100017786
0200100017729
0200100010488 
0200100017432
0200100017771
0200100017790
0200100010670
0200100010736
0200100010721
020010001076A
0200100010740
0200100017752
0200100010685
0200100010613
0200100011043
0200100010755
020010001069A
0200100010789
0200100017841
0200100017837
0200100010793
02001000
0200100017822
020010001788A
02000100017894
0200100017875
0200100017860
0200100017856
©2024 Goog
0200100017907
0200100010863
15
31.8649,-116.6055
0200100010859
0200100010825
500 m
0200100010844
0200
0200100010632

MICHEL IZQ
0200100010717
©2024 Goog
0200100010736
0200100010723
020010001076A
0200100010740
0200100010789
0200100017841
0200100017837
0200100010793
020010001788A
02000100017894
0200100017875
0200100017860
0200100017856
0200100017907
0200100010863
0200100010825
0200100010859
37040
0200100010632
0200100010844
+
15
31.8550, -116.5954
500 m
Google
2024 Google
020010001083A
0200100017926
0200100017930
0200100017911
0200100010882
0200100017964
020010001795A
0200100011895
020010001794
0200100018407

MICHEL ABAJO 
00017841
020010001787500017841
020010001787500017841
020010001787500017841
0200100017875

MICHEL 

017790
0200100010670
0200100010740
0200100010685
0200100011043
0200100010755
020010001069A
0200100010789
0200100017841
0200100010793
0200100017822
02001000178118
020010001749A
0200100010204
0200100010134
020010001788A
02000100017894
0200100017659
0200100017875
020010001158AA
0200100017860
0200100010219
0200100017856
0200100017907
0200100010863
0200100010859
0200100010844
0200100017926
0200100017930
0200100017911
0200100010882
020010001795A
0200100017945
0200100017377
0200100012126
0200100018464
020010001845/A
0200100018407

PRESA DER ABAJO 
0200100016006
0200100017714
0200100016010
0200100017729
0670
0200100017752
15
200100017841
0200100010685
0200100010488
0200100017432
0200100010613
0200100011043
0200100010755
020010001069A
0200100010789
0200100010793
0200100018426
0200100018394
0200100019759
0200100018445
0200100011058
0200100017822
02001000178118
020010001749A
020010001788A
02000100017894
0200100017659
020010001158AA
0200100010187
0200100010204
0200100010168
0200100010172
0200100010134

PRESA 
0200100011486
0200100017451
0200100010044A
0200100010558
0200100010454
0200100010435
0200100011537
0200100011005
0200100011255
020010001101A
0200100019871
0200100011024
0200100018089
0200100018587
020010001770A
02000100017733
0200100017663
0200100011039
0200100011541
0200100011522
02001000114527
0200100018093
0200100011240
0200100011518
019867
0200100019852
0200100011467
0200100019848
0200100019585
0200100018708
0200100017678
0200100018572
0200100016006
0200100017714
0200100016010
0200100017729
0200100010488 
0200100017432
0200100017644
0200100
0200100018426
0200100

PRESA DER 
00011537
0200100011005
0200100011255
020010001101A
0200100018089
020010001770A
0200100011221
0200100011039
0200100011541
0200100011522
0200100019871
0200100011240
0200100011024
0200100018587
0200100017663
02001000114527
0200100018093
0200100011518
0200100011467
0200100019867
0200100019852
0200100019848
0200100011414
0200100011236
0200100012431
0200100010100
0200100011556
0200100019585
0200100018708
02001000181106
70200100017678
0200100018572
0200100017644
0200100018430
0200100012179
0200100012111
020010001012A
0200100018110
020010001959A
0200100011397
0200100016006
0200100017714
0200100018426
0200100018394
0200100019759
0200100018445
0200100016010
0200100017729
0200100010488 
0200100017432
020010001005A
0200100010115

FALTAN 
020010001208A
0200100019744
02001000185
18093
0200100019871
0200100011452
0200100011518
0200100011467
0200100018106
0200100011556
200100012179
0200100018110
0200100017818
020010001158A
020010001845A
0200102477470
Google
0200102477485
0200102472215
0200102477324
0200102477466
102024 Chogle
0200102477409
2024
0200102472094
0200102472200
0200102470308
0200102477324
0200102472215
0200102477485
0200102470064
0200102472215
0200102477324
0200102477466





